image: map.pgm
resolution: 0.036000
origin: [-3.000000, 7.000000, -1.570796]
negate: 0
occupied_thresh: 0.65
free_thresh: 0.196
